0   3   0   0   0   0   0   0   0   0   0   0
3   0   0   0   7   0   0   0   0   0   0   0
0   0   0   12   0   0   8   0   0   0   0   0
0   0   12   0   10   0   0   6   0   0   0   0
0   7   0   10   0   13   0   0   10   0   0   0
0   0   0   0   13   0   0   0   0   5   0   0
0   0   8   0   0   0   0   11   0   0   0   0
0   0   0   6   0   0   11   0   2   0   3   0
0   0   0   0   10   0   0   2   0   0   0   15
0   0   0   0   0   5   0   0   0   0   0   0
0   0   0   0   0   0   0   3   0   0   0   0
0   0   0   0   0   0   0   0   15   0   0   0
-----
0   4   0   0   0   0   0   0   0   0   0   0
4   0   0   0   2   0   0   0   0   0   0   0
0   0   0   4   0   0   1   0   0   0   0   0
0   0   4   0   2   0   0   2   0   0   0   0
0   2   0   2   0   1   0   0   1   0   0   0
0   0   0   0   1   0   0   0   0   3   0   0
0   0   1   0   0   0   0   4   0   0   0   0
0   0   0   2   0   0   4   0   1   0   3   0
0   0   0   0   1   0   0   1   0   0   0   2
0   0   0   0   0   3   0   0   0   0   0   0
0   0   0   0   0   0   0   3   0   0   0   0
0   0   0   0   0   0   0   0   2   0   0   0
-----
0   0,5   0   0   0   0   0   0   0   0   0   0
0,5   0   0   0   0,3   0   0   0   0   0   0   0
0   0   0   0,8   0   0   0,9   0   0   0   0   0
0   0   0,8   0   0,2   0   0   0,5   0   0   0   0
0   0,3   0   0,2   0   0,5   0   0   0,4   0   0   0
0   0   0   0   0,5   0   0   0   0   0,5   0   0
0   0   0,9   0   0   0   0   0,7   0   0   0   0
0   0   0   0,5   0   0   0,7   0   0,1   0   0,3   0
0   0   0   0   0,4   0   0   0,1   0   0   0   0,9
0   0   0   0   0   0,5   0   0   0   0   0   0
0   0   0   0   0   0   0   0,3   0   0   0   0
0   0   0   0   0   0   0   0   0,9   0   0   0
-----
1  110  20
2  210  20
3  10  120
4  110  120
5  210  120
6  310  120
7  10  220
8  110  220
9  210  220
10  310  220
11  110  320
12  210  320