0   45   5   3   0   0
45   0   4   0   6   100
5   4   0   72   55   120
3   0   72   0   80   0
0   6   55   80   0   2
0   100   120   0   2   0
-----
0   3   3   5   0   0
3   0   4   0   3   4
3   4   0   2   4   5
5   0   2   0   1   0
0   3   4   1   0   2
0   4   5   0   2   0
-----
0   0,5   0,6   0,8   0   0
0,5   0   0,7   0   0,9   0,3
0,6   0,7   0   0,3   0,6   0,3
0,8   0   0,3   0   0,5   0
0   0,9   0,6   0,5   0   0,8
0   0,3   0,3   0   0,8   0
-----
A  199  31
B  98  114
C  243  109
D  330  178
E  212  221
F  122  262