0   100   0   350   1200   0   0
100   0   150   0   0   0   0
0   150   0   400   0   0   400
350   0   400   0   0   0   0
1200   0   0   0   0   400   0
0   0   0   0   400   0   0
0   0   400   0   0   0   0
-----
0   3   0   4   5   0   0
3   0   4   0   0   0   0
0   4   0   5   0   0   5
4   0   5   0   0   0   0
5   0   0   0   0   4   0
0   0   0   0   4   0   0
0   0   5   0   0   0   0
-----
0   0,6   0   0,75   0,03   0   0
0,6   0   0,8   0   0   0   0
0   0,8   0   0,5   0   0   0,5
0,75   0   0,5   0   0   0   0
0,03   0   0   0   0   0,7   0
0   0   0   0   0,7   0   0
0   0   0,5   0   0   0   0
-----
1  70  126
2  119  196
3  195  269
4  326  201
5  341  123
6  229  84
7  163  34
-----
